784.160353063096
686.463813189342
701.814625186968
721.591147615105
736.564310286666
743.794346333820
747.769179532533
753.305654256381
762.045844053781
771.865221195513
780.432287621239
786.178180495938
788.749922115041
787.905886518547
784.281320523018
780.643115471692
780.075775970112
784.885053505351
794.691835922760
808.538831775780
825.296909792098
842.579197393851
857.439861447370
866.950544965740
869.286743021999
864.281422715356
851.904054883761
832.602613194685
809.107438643988
784.828615413728
762.787004658259
743.295159791788
725.514928286079
708.981011960676
695.134016450137
686.011878512496
682.596897357585
683.333465421636
686.336731845898
691.140798660845
698.965016531758
711.115574180923
728.745079296786
752.894645249363
784.516970278474
823.042600318087
866.596095267981
913.259656047038
960.547544259171
1002.74199231666
1032.98352819152
1044.41137370872
1031.32699686136
999.601149741988
961.739374128649
930.325866588446
914.881857105012
912.307888580875
916.254368169935
920.412246126597
921.318450572127
920.176759111038
918.623831945768
918.228653278594
919.689541274524
923.100487256528
928.543310816315
935.502276826275
940.447920226261
938.902822108797
926.404605435225
901.637051756940
870.247179936814
838.815522735537
813.259237817024
795.479634869252
785.874691761489
784.456583322174
787.602544329900
789.682979230255
785.379796581358
775.014900675734
763.618465687305
756.158200652770
753.482715078407
752.647174314353
750.753799967961
748.797488850542
751.433717044531
763.197674332875
782.579661945745
802.019604848503
813.732603130194
814.520817869244
810.046432186875
806.982797953529
810.243473722434
818.192409123831
827.670140817496
835.867101540277
843.550976281141
853.584044364842
868.832116400197
889.239656126552
908.997062316562
921.622271240594
921.052147910716
908.862610679266
893.300877580446
882.838410620308
883.331344618398
890.786740642312
898.893591572012
901.439091078336
895.721409637522
883.429765264228
866.530355984723
847.192279052729
828.522398459093
813.898316880613
806.468121923573
807.078309809575
815.247930806044
830.407581238711
849.406854590264
865.872487797180
873.228421166448
866.902256827096
852.453550081982
838.636983801031
833.740256452770
838.507770582260
847.589133595621
855.463201243307
857.890419304160
853.800052789369
842.602586594668
824.367830674266
803.954149328913
788.333613856113
783.845971192646
789.297355604124
798.597743066936
805.690507285965
807.927516277198
806.529236032396
802.927209368962
798.828539350906
796.496697665966
798.262086462780
805.732547372769
817.979579818714
833.518469784555
850.772012126920
867.168493076758
879.530931297081
884.678892407158
881.699491676329
875.501082183950
871.913160091284
876.261410950520
887.897114008337
902.260502961431
914.724037165038
921.358808286009
921.010341973074
913.212784627764
897.562712673937
876.323558558408
855.368639523937
840.827731446950
837.071221496467
841.847657165439
851.347984129957
861.815791753260
870.289471872374
874.422906990550
871.887515490098
861.977468498406
848.703634551472
836.929061010775
830.979836855620
830.776504093920
834.080003126170
838.647326411906
842.610893827347
844.564654940424
843.130983700234
837.746471571745
830.670447513127
824.773528482801
822.508750175882
822.724694934458
822.426696219206
818.661251022719
809.976870855925
796.553224952361
778.679765356510
758.379988017259
740.401122873965
729.628166902592
726.963840054641
728.100309776549
728.515277679378
727.123198247346
726.434143899689
728.963442639468
734.506403711903
740.620244224105
744.954130157843
747.491264177749
749.992514238149
754.235675878092
761.581396802366
773.067918981761
789.623095644947
809.514981168874
828.165160918272
840.858215148805
845.081185084816
844.592724506250
844.260398275000
848.466625464186
857.158103275050
867.903987345432
878.250914495521
885.760621316074
888.025726555898
882.642624410792
867.769294431655
847.089707074075
827.428338344364
815.494098171963
813.188847340303
816.737317861545
822.037875119357
825.390581118431
824.124746036722
815.732205346239
798.941443101718
779.295945531978
764.674159296419
761.489100366570
766.616464163867
773.120481723199
774.700459824351
770.786449103711
763.809148858144
756.257098990222
750.946447498901
750.887657814610
758.677248730082
772.431751252727
787.540386263729
799.530763614967
807.776288990567
815.374443956131
825.566457762481
840.112680999210
857.653909476202
876.436029357070
894.689727639016
910.484179347989
921.791140168498
926.581021327388
923.808052854783
916.537937645793
908.910250717477
905.017847143002
906.657434253885
912.331235618892
920.286890769456
928.550857715771
932.608301266706
926.318948758387
903.516479098603
862.014575609166
813.359280570629
772.056206106091
749.053251099232
739.520848230445
734.257340295847
726.453084871126
718.098975082131
713.205080417828
714.525344048330
721.792730722715
734.297621114657
751.609040409889
773.836374904329
801.150874103604
832.835604252456
865.134080398275
893.640145222953
914.004770971183
923.795262218270
922.905175024380
911.368145756206
889.848263877687
863.743943831807
840.605198667740
827.773845295181
826.669915967159
832.253895218660
839.160573226600
843.087444978924
842.774268576097
837.501745654029
826.863081750848
812.991563357112
799.255837848879
788.848841449597
782.130820633935
777.239573752428
772.327175810556
767.299719277869
763.847826115273
763.670667056366
766.252035669956
768.486848755041
767.185227617905
762.104022383817
757.172539148778
756.584137838242
761.600199740522
769.054430959176
775.421743857971
778.271703187790
777.320125726313
772.535114918110
765.100418878862
759.302646728808
759.914285072656
769.857200375113
786.790367393333
807.443479611996
828.802006981047
849.347393735390
868.103356148259
884.093887356107
896.318995785002
903.744023885510
905.331607342062
900.446944742864
892.066911044049
885.074755213586
884.359041472192
892.467250085159
906.809113384838
924.112256458695
941.104053939469
954.505305725571
961.029750021142
957.390777027719
940.633126820728
911.753659606822
874.347379276447
832.067393754050
789.693287212973
754.006802961462
731.894889980084
724.176251661212
722.254897686308
716.911238878991
704.388832856307
687.125393603502
667.998039103284
650.882220951287
640.199897184904
638.482838567507
643.514138648651
652.441631950519
664.030618679989
678.389720639392
695.286300739813
712.060547661265
725.102476493745
732.039130127957
736.341464349657
743.201448968587
756.403711898003
773.595540237714
790.751924127094
804.241238884080
813.379797365369
818.821125112314
821.246847100138
821.799934356935
822.067681970820
823.649744915434
827.221500154763
831.518827461699
835.033198769531
836.746626635072
838.456188491090
842.961287596866
852.881753196934
866.514299696760
877.738915134897
880.236068064598
869.978783755940
852.934535164688
837.793651631036
832.588175976319
836.699053071042
843.412351714916
845.914532304592
840.769772841849
831.112901070901
820.835154674530
813.256773241438
809.178276925806
808.705366395492
811.816717171055
817.310425584529
823.343303507351
828.102281417315
831.003513420685
832.958110983106
834.967264494646
837.614705032730
840.191822877328
841.740689862246
841.406388642207
839.331109992845
836.216424905467
832.778837113277
830.113383387627
829.830360981179
833.576793186465
841.221199510072
846.491376673813
841.790750669306
820.905750364155
791.901986281394
771.269744504271
774.420043026763
800.549835374127
837.129233042816
871.375901116206
893.938042741833
904.108515393612
902.520608707115
889.904528188372
868.671132602093
842.654110075597
815.720083745018
790.560302145456
767.716941201019
747.503989726552
730.347578887517
716.884616030673
707.711994246928
701.208317302794
693.003062057576
679.120339119113
662.278224885017
649.570022326836
645.588488016862
646.348432766911
646.252386450298
644.147340038643
643.629863815870
648.273791656924
660.271929252782
681.342885925479
711.250287859820
745.314551298469
778.243119655258
806.710892424928
833.382591140332
862.058696686977
896.187758243688
933.753273453578
968.427514155372
993.765661696306
1003.72044324072
998.412898804792
982.827462807049
962.080501008258
941.035496417873
922.448047926860
908.026668490759
899.469236410769
897.347374809896
899.430862407260
903.061108727098
905.691608551681
906.895226308568
908.136963388134
910.948276581142
916.247318389340
921.613832788397
923.497163190737
918.357747964060
904.725245078899
885.532479957362
864.276307052163
844.189160538129
826.407823535294
811.071461407861
798.342301309017
788.900739319396
783.872539781993
784.370855211206
790.591784207731
801.613747962215
816.447569437741
834.145825807180
853.862639843415
874.767275520505
895.886546488262
914.418330762095
926.292868351752
927.414958947451
915.384087718922
896.123327864949
878.107028136367
869.612759768507
872.938721106338
883.475308518800
896.228575503200
906.701134852936
913.502131087818
916.439610862663
915.326258909782
910.482414672112
903.395525186693
895.716437799060
889.010414989308
883.646635725515
879.114930602315
874.884542749220
870.216295910363
863.779876538052
854.140885608844
840.215669799005
824.374537177400
810.951910004970
804.165220908926
804.829172883119
810.246478462256
817.565609294560
825.090804357329
833.536125117833
843.917038643988
856.963221619996
871.549762168801
885.811593887491
897.890841073951
906.923312902165
913.918238109387
920.092412978216
926.522120495509
931.905836711401
932.959706289804
926.339277050604
909.773847541810
887.347976161540
865.475776272737
850.440397770029
844.496572363119
845.270311768278
850.132425883638
857.218274402902
867.316928844106
881.792838023974
901.832876077891
924.162044831009
940.822999207725
943.636692375240
925.815987440216
894.060855813675
862.643749026763
845.792972866933
849.441452481945
866.301708974695
887.905567287128
906.275859470714
917.697920668607
920.647135027803
913.617991069050
897.019463691642
877.085831325785
861.155297148787
855.960751738150
861.027421023172
871.147964244752
881.034347782302
886.442315858001
885.883845548551
878.320589393614
863.067366077532
843.874928832711
827.521036093681
820.744965633116
825.411656263998
836.326524230846
847.742170480973
854.886837840961
857.303364348504
855.726891722131
850.923471230041
844.224407885546
837.455917642363
832.457889091460
830.548582669451
831.938536231961
836.696731309015
844.538977802052
853.069422606260
859.110787131227
859.569824177682
854.204092130586
846.225858173696
839.054614290184
835.168140157326
833.975568930523
834.262026644135
834.885340138992
835.378053124330
835.638738638865
835.556875514158
834.491583334826
831.091561123915
823.956477920259
812.903949552898
801.486692065479
793.971018138623
793.758697858373
799.779222969024
809.520257683605
820.451077652172
829.831675822839
834.785253256100
832.483095632725
823.311076802127
812.748816362873
806.725836434408
808.996078758134
816.797534691215
826.153495013039
833.289745817739
836.001029572127
832.814659647465
822.412726168756
807.437458257660
794.787681670543
791.502096105940
799.519208622578
812.312465759049
822.557550322871
824.651245827180
819.511764807061
809.601669937181
797.376096165835
785.233394684455
775.545707925259
770.362943059897
768.359551344602
766.195530798955
760.694848505704
751.159248010753
738.620947743752
724.337112083125
711.527427816862
704.571935502098
706.423837572422
711.790548527252
712.453347044657
703.774466235251
694.163704409757
694.941862919788
711.114068195407
735.714414708912
760.460729374215
779.619461243248
792.558658153060
799.254344631391
800.848348917501
802.586820290396
810.618660824593
829.197657547221
848.008385639467
849.978403966741
818.673382742539
758.785613785839
699.809947620129
670.080126166969
670.571766112270
685.772751580872
701.712226835219
712.758321778664
715.735891627305
709.310461355051
697.917348863552
687.082562813729
679.897737979419
675.554627433493
672.859683196707
670.146869003226
665.408127014873
657.478154053240
648.996650196491
643.614772521507
642.718543855813
644.610766357436
647.608383151445
651.755665068334
657.867413709278
666.754813455730
679.211882544775
695.917546078461
713.689061952455
724.606302198106
720.971428388366
705.747688069795
691.970982004116
691.551004885259
703.605477663796
720.849127701208
736.978524638579
751.838172647620
767.544968493314
785.626375925235
802.973866293167
814.297836677755
814.604725235292
805.421487989750
794.488470151999
789.701788866782
794.313123121829
804.823530774115
817.203332606641
828.319578484470
837.757730018125
845.616421892678
851.967443348880
856.607860427045
859.173761226996
859.309594615366
857.755376304439
857.296512465608
860.942310644399
870.900275697580
883.732836466441
893.578110222928
894.592863170821
884.950671266240
870.990427018463
860.042056968840
858.445878013634
865.182359285389
875.915172519670
886.302822215765
893.167759768792
895.515876484843
892.593489056124
883.933658695862
872.026040117485
861.102861640843
855.394112971363
856.777317789968
862.868548634245
870.834600986714
877.981672365189
882.695869035494
883.867446275130
880.401256130997
872.514710659662
862.917451703039
854.597670280661
850.086486228069
848.974627818589
849.688611543747
850.667381170329
850.819186907484
849.597431521734
846.486193909747
841.472551200468
836.246601237446
832.858512094981
833.062041739932
835.810455085115
838.515873636863
838.621022982796
835.754837629828
832.623719049408
832.165407079975
835.848298995928
839.945391241423
839.581942084394
830.543537097331
815.677114856153
802.109362697531
796.817298522041
801.907706645518
814.589071757754
831.853728234930
850.438762170418
866.485397877808
876.049983938599
875.710701954689
867.921764926806
858.839935989354
854.650444400396
858.177722256143
865.821492243341
873.257420122360
876.521956671838
874.713353493767
868.473752233505
858.466096384451
845.995880351789
833.429115136013
823.231023111140
817.233289934863
814.855307658741
814.942406925202
816.377431073872
818.363690765557
820.266980811434
821.436951541555
820.763590772018
816.641747256991
807.457435756315
793.905720908424
781.406159091028
775.952392754554
780.898531479644
792.346107650188
805.161917232484
815.187461055028
823.509200454649
832.970089717878
846.168620723841
861.150421549720
871.946110702405
872.449173533043
859.675674284926
841.176479279198
826.721826818459
824.942251482517
834.784958569897
850.309694706784
865.560672679292
876.124100119669
880.113039082079
875.874724989262
862.528113042580
844.606678873627
828.962065771710
822.159635799366
824.552742399699
830.586229733092
834.478066476663
832.445824751991
825.394116998810
814.898258134473
802.382210424887
788.514277805247
773.727407430395
758.522423700928
743.841092896003
730.801147499213
720.389165574749
712.924983468673
708.517748519845
707.160676362677
708.488765500719
712.063553434748
716.866525592288
720.728700918121
721.378605359012
718.243354822901
713.230041787995
708.393776383154
704.740810641644
702.263074826184
700.886481793056
700.288824058474
700.003803472260
699.883931895152
701.484649822535
706.924261668136
717.402774432770
731.231783472909
746.156676998958
759.942398174524
770.411627648030
775.397650407890
773.927054659183
769.791324790967
767.971093689011
772.472621979147
782.466761561799
795.627202562524
809.647110604426
822.404704098039
831.878654856498
836.069753232176
833.850762576350
825.257526275731
810.408877681504
790.594931286057
770.216959861498
754.185300902087
745.864741854484
744.236585839758
747.510719331707
754.157611506236
763.360509721973
774.423418146590
786.298052069894
796.656851081255
802.881962988800
803.091284863449
800.523492511927
800.594028340768
808.357374249576
823.534547889466
841.834370526134
858.872447557494
871.494487745577
879.411559943986
882.741881607311
881.640724596645
876.715718398117
868.876931306317
859.036779947513
847.498816156111
833.239879152540
815.062114306504
792.824459664471
771.266394692349
756.535360924854
752.980810969953
756.034118133751
758.366990758745
754.090106460531
745.210859158439
736.429919420487
731.563210977771
730.317015981528
731.208318606353
733.357879537403
738.118126172628
747.356797396197
761.480099905578
775.690311512509
784.031983723186
782.235999934018
775.109515935520
770.499895425957
775.441038962917
791.301098413323
817.044023190742
851.513018311634
890.771028453049
927.982534022678
956.176344297317
968.846157396171
965.619839347961
950.459384094263
927.417994497844
900.608272712544
874.436094355151
853.397687726717
841.817003165330
840.755616651877
848.360157922178
862.674070503674
880.863459406799
897.480610968863
906.593218087295
902.534183332523
886.563873116468
867.363723583389
853.978868035514
852.898182745926
861.960538454153
877.176964500237
894.591257462576
910.955138411293
923.703746622552
930.300085446640
928.661566840965
920.164506758616
907.775746913614
894.468106251386
882.715264531012
873.884918904046
869.196300268480
869.775280321222
875.870496884128
887.249947966917
903.674691695109
923.331347972596
940.013764147823
946.755657784865
936.728534396094
910.384937739267
878.929751920071
854.433157278617
846.338073650629
851.418884715818
862.636427657997
873.077586863067
879.324681702548
881.810867422238
881.167400480680
878.039448484629
873.139077807498
867.198439871798
860.964790481024
855.562265681644
852.509079505131
853.341850031484
859.112142243487
869.299068097517
883.063663731117
899.493131057688
916.029089318254
928.496279864871
932.651351339449
925.203947510298
910.410498794394
896.117536622642
890.171876170937
896.702603312412
911.932457113492
931.072112819126
949.354645636698
962.669048550066
967.649479860970
960.970438453012
939.855778737311
908.805028363226
877.471741517682
855.598397746993
848.452636567707
851.224863243243
857.727393141701
862.520647969811
866.462246750808
873.563628664712
887.833090810727
909.072137793258
928.324053523189
935.538627248540
921.136218752614
886.415444796807
843.583897941946
805.288706420120
779.428477936098
764.541922929200
758.073653332803
757.609140764006
761.040155715079
766.302643752462
773.180684927549
786.247376069757
810.841347462879
850.570566733076
899.368052649474
947.806466384699
986.455121082763
1008.00162301413
1015.41528858432
1014.78053398582
1012.18246395616
1012.64789134228
1015.25692956443
1017.01412689745
1014.92187766210
1006.50814695529
992.813853400795
976.320022089941
959.512041139631
944.436260046941
931.350736914716
920.058276290723
910.362512711470
902.114580172728
895.237940748962
889.662129229877
885.173392607961
880.448168081491
873.644865235063
862.947179476962
848.434037973926
833.245017741177
820.797870378129
813.564617397009
810.595316335331
810.166310448312
810.565482052489
810.168071998551
807.389303524632
800.881735715264
793.268329819777
790.459936806347
798.343521330497
817.961825563204
844.028056541601
870.828693912537
893.708036964118
913.645945265632
933.491521646742
956.093982250499
982.295973577771
1006.78986371506
1023.09365396038
1024.72534561172
1007.95526379517
980.370997541926
952.468585568171
934.705112824400
932.360007984899
940.397170448666
952.558236516408
962.651785081911
967.028889284664
965.309171529869
957.327286288453
943.071892346373
924.883502134835
906.937691419063
893.458673241143
887.373468843681
886.725735995718
888.410198584650
889.366555158077
887.770651596850
883.158168321776
875.134568399213
863.711064334573
850.705285435433
838.437386385123
829.119335284620
823.501264112118
821.283351542473
822.142904617288
825.764096361421
831.841549331871
840.070762814418
850.014091545873
860.666891667653
870.873615622273
879.476692854484
885.266496839660
886.978057062016
883.343722919636
873.935150148533
862.288449719331
853.109147246922
850.882201527315
855.867322375304
864.524082086555
873.176703342473
878.758943829387
880.307626827901
877.312816161370
869.429474765496
859.318507429671
852.265445559000
853.639109136153
866.228037983658
886.014026599462
907.869558435062
926.723669395509
939.035307286058
942.932665605461
936.628423447788
918.958580627033
894.473491316195
870.793032530028
855.511820485719
851.973229417220
856.302889085795
863.925822177212
870.813600637103
876.509567077237
881.991689742692
888.216405790136
894.070206749416
894.870790719622
885.582501508012
862.329523217592
830.749427078376
801.142147866487
783.222104759798
777.438191518436
777.093666716868
775.623639852387
774.017576056956
780.976359236099
805.431562419590
847.951070836129
895.306812850146
932.981068937677
947.126798957127
936.898663443265
913.233919295960
887.495940777946
869.064575569676
859.113750692193
856.695647495524
860.818017293843
869.698072033120
880.872948134328
891.857604664485
900.331408263152
904.651790672657
903.350966362585
895.034363468270
881.274756467570
867.571210392428
859.692519414256
861.800278685718
870.691217274192
881.053728194344
887.644667053279
887.709683911586
881.627372629984
869.975934128889
853.813796075401
836.529635404662
822.217939423225
814.663337785917
813.967510831375
817.817960845148
823.884249504022
830.926631696127
839.219758082651
849.149933378849
860.558872189644
870.955381520548
877.223702406238
876.385524401816
869.193275053897
860.476786019308
855.272752075325
857.361916373193
866.127935554625
879.992751370628
897.334942269327
915.489633048160
930.722223748008
939.249495867293
937.826169993209
928.201019886138
914.832749772051
902.205770388182
893.786173341888
890.159209698399
891.404255245110
897.502895648130
906.578788327758
915.092081359917
919.444165461896
916.590764069939
906.833650662114
891.723823506151
872.828195605180
852.471493398994
834.115387043161
821.314911405986
816.643671994393
819.376251709899
828.094800729869
841.349857583895
857.400812169300
874.350075421668
890.297457455032
903.056158050448
909.768598208696
907.481378020997
893.602908617143
871.630304552322
850.118891535208
837.755413416673
839.291453247368
851.038605243675
868.217360926376
886.159940350640
901.271944157658
910.557562509703
911.028094121934
901.478154159892
886.400074000595
871.421681257380
861.887495932387
859.036131849772
861.012244653785
865.884767673323
871.769812241633
876.905512238693
879.549467522468
878.076064765400
872.417067822770
863.612766038041
852.729065342963
841.184643189191
831.165260575887
824.957439952733
824.356734285389
828.587038955154
836.033102540766
845.068961630000
853.880741221796
860.489884593271
862.912975984239
860.146212711782
854.106094240381
847.250878803452
841.914976382720
839.226923026370
839.635608273787
843.562797385453
850.388021482652
857.944671368535
863.940921277855
866.379724784660
864.896900416133
859.690471353791
851.011480135015
840.505592706979
831.325739047053
826.695955638069
828.398232093334
834.634466729425
843.060440293135
851.492063677303
858.997994635214
865.236681611142
869.864618321502
872.145837451786
870.693045566043
864.057573943431
851.433922873393
835.982255378691
822.372788100290
815.042156787315
814.653006009964
818.837842570351
825.156544048379
832.242267244090
840.592004648997
850.889007207552
863.194255110407
874.012172397479
878.585692865119
872.265406148671
855.275192972333
834.560339991704
817.555396401748
809.758417853666
810.941557848476
819.823737413200
834.912608916681
853.216634649926
871.095931897736
884.922923504732
892.359881685483
893.337391069123
888.016389595216
876.838658316630
862.741907967875
849.971173027002
842.730050731350
842.678829649746
847.861581539182
856.046507347897
864.923909546979
871.810250471106
873.909982192393
868.540776371037
856.332602058479
841.676350636201
829.163999513500
821.843230566994
818.548370019940
817.401812671013
816.723071289507
816.036983248273
815.323827414747
814.473770774292
812.015961077006
805.431836508296
792.274586685643
773.803862399446
756.019933522366
745.110759086391
742.854296906664
745.480530480320
748.936916598927
751.593496586783
754.792525644606
759.995882730877
766.109347301366
768.639822767915
762.936096077230
749.179995746657
735.166140534484
729.180367389671
732.847278472786
739.286333080318
741.248676730463
737.206238031336
732.300426738989
731.906753620597
738.360132580659
751.080814979479
769.255723139860
789.078615474253
803.558053044338
805.602235464650
794.687667280757
783.057288159559
784.413463944254
804.924732958881
829.465302679105
839.173617640443
818.404494305144
777.892615433217
741.300259621605
729.408354940091
742.408855943405
771.772919451324
809.123850791240
848.058367884611
883.374316604257
909.886768817526
924.020139816847
927.687856582402
923.972571702371
915.949740943777
906.371211822253
897.541176753671
891.731000175148
890.824010415632
893.939464950955
898.997223900837
903.915361124910
907.269347950864
909.104088695659
909.663729534944
909.114118654863
906.247863273446
898.686763449087
884.015150655641
861.485886213059
836.576599758997
816.216243505239
806.358090979163
805.047365327539
806.492418056395
805.142610276412
800.436815149372
796.243529323863
796.520007457163
802.034578593255
808.986254567295
813.223528954288
812.511855641293
810.135747675353
810.366944959867
816.702069495861
828.005649282100
841.428940545151
854.172941005834
864.807351185456
873.366588002992
879.956800587641
884.639683613298
887.272236938813
887.652581902300
885.604853351935
881.928469595286
878.669224963856
877.954175576881
881.503367345621
888.793026016098
898.530322678055
909.419638276059
919.950479716950
928.214991369959
932.262330120942
930.281091866108
923.145388142442
914.153540760968
906.690877734750
903.539403421534
904.356868084367
907.792767357359
912.497220841354
917.232950554974
920.969963607582
922.700564657281
921.447000422043
916.718573972504
908.420549352129
896.469668364496
881.350591919979
865.862997564497
853.396357972405
847.163498532857
847.668215894624
853.294685401255
862.369940869684
872.952934272892
882.414247946341
888.015511601520
887.288711100209
881.873254566115
876.602513337190
876.392803543284
884.337943245743
897.985987625641
913.833971395522
928.387736470656
938.495262506823
941.448838082485
934.570431600259
915.785228128901
889.686447606718
865.011204513485
850.508643982130
849.846488820379
857.320796154992
866.217171755343
870.447304245896
868.571641452992
861.242707250409
849.142316941524
833.789105224009
817.843168215250
804.043876752036
794.055682464241
786.839126503586
780.936295091110
774.843129011470
766.888416023051
755.363109902834
739.715164936825
723.869822149700
712.829401830827
709.223623738458
709.668152250469
709.884083249379
708.626063718747
709.592451961991
716.809540697618
730.838719175380
748.442649847826
766.236028402179
782.339626952645
796.683982928838
809.303118060723
819.454225044586
824.671533333048
822.257723715516
810.685433867960
794.461147286776
780.030898666654
772.920699452497
771.932322008895
772.885532321946
772.098232881130
770.952124948878
773.720338559499
784.433753641623
803.068476006363
826.517661339778
851.592387286885
874.280541553528
888.834688162691
889.287531315009
870.650914769254
838.843759921982
806.602451270192
786.372748697474
781.566526180770
786.587385888373
795.491373487359
804.899183750961
815.428796311624
828.044628285926
842.619539483198
854.916892586701
859.733127016518
852.336542659043
835.434443902566
817.660710624660
807.722308778755
809.373062490983
818.979463697778
832.305267329033
845.436078747392
855.671271564036
860.596294555814
857.996371831341
848.927382867924
837.115137485992
826.352779782085
819.277914442465
816.357643464594
817.819682383062
823.497146174049
831.600445607090
839.922930808068
846.346754664632
849.982830442720
850.839304762137
848.948604460487
844.971567895553
840.888955343272
838.848046355486
840.510611347274
844.625629860447
848.860778782818
850.916957396084
849.450856317539
844.166946540755
834.824111253207
821.952962814501
808.246622125385
796.774133669591
790.124601790418
788.555640264085
791.617893438042
798.648280078951
807.206335320180
813.969841741002
815.720718352135
811.770596970295
803.954503272753
794.220287169095
784.770213574263
778.224535593553
777.236659457625
783.309967603115
795.411662062028
812.170335440514
831.536987693561
848.330630044412
856.465974096635
850.259677767535
832.106142461919
811.876936656970
799.636840362075
799.642206161359
806.846730341516
815.368120771861
820.921135338449
824.537276364869
828.353062986653
833.999676786914
838.604705618733
836.931467045794
823.894843859926
800.422048879350
774.871381068218
755.951679779372
747.309363670566
745.512024631388
746.693968070181
750.921898495835
763.538614968145
790.201201777108
830.526000601728
872.756949665096
903.880199023030
911.903543559335
898.915927167163
877.260651095448
859.499545230824
854.086429555213
859.611935536112
873.216854142562
892.066094053356
913.614934962766
935.510854392100
955.404758840462
970.952105719417
979.839619722788
979.767164264274
968.434648126327
945.068899472791
915.939436600021
889.344916832149
873.294549997389
866.710719670750
857.834261274965
834.298480343589
790.462658814768
741.333563787460
705.796430679688
693.346666445835
694.753459881415
698.762687687298
699.919673649364
699.356217495258
698.421529375581
696.779639432796
692.973370173494
686.064620483240
678.162218203892
672.436791347321
670.415995818371
669.885068429868
668.238763191967
665.603616383606
664.729867171980
668.020639720965
675.071336817203
684.403592927555
694.815669263651
705.880372696419
717.295311519722
727.863794936257
734.727144169434
734.892360700710
728.377298734560
719.995241283874
714.865909779115
714.659651659425
717.188520136318
720.165617596563
722.979105791770
726.364980869445
730.992985306404
736.342588494949
741.136679490891
744.287410614526
746.762874897858
750.733692941614
758.113317516203
767.932127228206
777.486390074413
784.242988587821
788.959975346853
795.140402412549
806.304431276908
822.711164621276
839.955542463416
853.273691316826
858.961263145139
858.261369027257
853.860038399391
848.399127422011
843.680739463132
840.756564794437
840.649405248412
843.706069131755
848.684227605498
854.113406025872
858.548597832727
860.759108867181
859.621551493444
854.042845538671
844.687648401466
834.937826095398
828.408126438934
827.807304524654
832.435124734911
840.789696281010
851.366678671051
862.630641665110
873.024782903437
880.992708469054
885.618939059645
887.774030894634
888.637202850074
889.403973437633
891.549428910179
896.783711129633
906.824275151318
922.538712266314
940.669920404115
956.711223366417
966.156154633305
966.065989266714
958.552356585578
946.741895369658
933.752655398863
922.138747938394
913.551027461291
909.559138916559
911.564633105671
919.126721692019
930.667010492623
944.590310250920
958.968379118436
970.064769608104
973.532289302769
965.023380386147
942.742624731432
914.048715284563
888.351988039617
874.705184201029
874.563432019318
882.117104334925
891.265592593987
896.941724540964
898.873893139610
898.180499312647
895.961783504778
892.422352704409
886.484070291985
876.969926247603
863.212209454756
847.641103482529
833.851654045879
825.329870227606
823.476448417573
827.838992187599
837.898294069699
852.664663865943
870.109143422242
888.063758903336
904.350616430751
916.657492332703
922.575525135247
919.693728952293
906.875523932631
888.932952206129
872.412321745757
863.698242758966
865.123057443957
874.775438080812
890.543850705886
909.999832179400
929.071407209677
943.155481151556
947.651593810693
940.166705891184
924.446151770557
905.293712481869
887.413293546542
873.561346138067
864.723348212569
861.819839427704
864.936246090400
871.596285507046
878.834127753696
883.726707041787
884.093475198518
878.382986439005
865.064852171688
844.319541298816
821.462456142641
802.768359422221
793.512975693094
793.426966884592
800.328145021041
811.985151820934
825.635660360872
838.183923997514
846.544331940740
848.832968703734
845.213246931088
836.048202694223
822.252019780664
807.254749535463
795.203912653826
789.769866937904
790.891001106527
796.749280854440
805.563206422475
816.304190393761
828.551560859951
841.897224063438
855.193302038385
865.759489867114
870.725288459804
867.744532012017
859.132759498682
849.648003422057
844.021227495618
844.596444764898
850.292278454856
859.762583553381
871.260876163588
881.001339321510
884.550435054773
877.595600566845
860.753277614062
841.170540841035
826.442856416884
821.649043575517
824.014268481350
829.235969372233
833.453895585723
836.512268541925
840.102844858031
845.872766862132
853.044428759674
857.592800149583
855.265717118754
843.482525177334
827.016375355702
812.662155086127
806.566927361325
808.809634626299
816.153044093590
825.341771385265
833.594261620472
838.678471210267
838.393801091092
831.800962860751
821.837241078098
812.182226974646
806.060717987106
803.779835468361
804.494394126042
807.505868293648
814.158971875687
827.277860119079
849.683491781551
879.857320802357
907.876277789939
922.854930668333
914.671420477352
886.602579065502
853.352314111898
829.945939633448
824.482093098803
830.702193099152
840.564428303808
847.151105906572
850.435948070667
853.002880384067
857.349918873356
863.137202855674
866.695976968678
864.167650766290
853.262032139194
838.296742591098
825.329315803354
819.926849085257
822.448905658113
830.115907106702
840.106515808473
849.681143114304
856.222789107519
857.124531644239
850.682215220903
839.810626125428
828.897862772789
822.120044172839
820.662501476528
823.501988950057
829.566239582262
837.976907908326
848.179040528681
859.648351295935
871.509843047069
880.748527339634
883.542382975324
876.145837486830
859.248480561700
840.279422032595
827.231957476762
825.730540641629
832.762112830729
843.345476958316
852.657164723669
857.876168622488
857.558375178175
850.298795985979
836.445720933778
819.925111012870
805.099128106909
795.363355828085
790.373798543478
788.882217367565
789.743371902547
792.450745264613
796.742328787287
802.202162131668
806.585103745305
806.449676587371
798.490597137641
784.052127840844
769.792827510351
762.549524863066
764.584050554088
772.091100407770
780.864469353571
788.309004107881
794.727775390190
800.726609709462
806.508856860843
810.998186209417
812.864509161961
811.240823629555
808.413933609977
807.985492823474
813.383379083017
825.242318648794
841.979600789136
861.949786671819
882.805824509498
900.413932823872
910.360071569003
908.485639854707
896.268426345131
880.693097689067
868.973792692517
866.310823914760
870.586743307220
878.022446213886
884.885124976466
888.481176222553
887.142160117814
879.243125513170
864.210156153427
845.817529478093
828.963810344035
818.095088804363
812.810934499262
809.769904112595
805.691531428613
800.184866114239
796.082586269204
796.355130940689
800.958642749696
804.386407490434
800.556285079883
786.337810860066
768.165246371586
754.406482935854
750.962405726645
755.263850914024
762.925312950355
770.691357581243
779.835793279373
792.766983023593
811.258605524880
832.632491743479
852.304922088778
865.758444513273
871.927939286305
874.611467999673
877.973179399769
885.631391639068
897.805222269922
913.407457022761
931.346394085577
949.564991557619
963.446491354547
967.954647793625
958.110792239182
933.835938673304
903.618968157939
876.812594573422
861.578474232620
857.216331672724
859.030634940908
862.329973673575
863.652432617476
861.345533719555
853.901716102733
840.421714813532
822.922444062235
804.293660978608
787.181616873396
772.048311717153
758.203611881741
745.009064916095
732.417513004872
720.709406066409
709.976889702211
699.091013172326
686.444918499756
671.947607223485
660.068703818125
655.908859601150
658.632981017971
660.976701861098
656.920792425576
651.095420042787
652.528931700997
664.645117622639
679.066555624403
686.374501622193
688.200489222201
697.667026811556
727.052134026254
772.514628557589
819.777226234971
854.465439166637
869.515376743734
871.020710232843
866.451048767178
862.681709015575
862.410712499139
866.544708556492
875.957743339993
889.901973637254
905.070359507645
917.930337890691
925.050468150296
924.289335605473
914.395595000947
894.135888061520
864.168003234650
831.493209546080
804.441336137642
789.912957018864
785.877269751066
786.860217350522
787.751483000678
787.219597803477
786.139164768805
785.317206880224
783.890424837913
779.571131340557
770.148873752322
756.847800677892
744.703346256143
738.758721666361
739.617281345516
743.412154976404
746.287515528286
748.805490944942
755.754297542684
771.846440236652
795.108879363291
816.243087461686
825.592262318737
818.864813670763
805.024028798601
795.044256822563
797.121430129633
807.792032840248
820.534607125347
829.295644137294
833.053707989062
833.850085785987
833.747836522702
833.681887715696
832.929340927593
830.634810101961
826.516188488913
822.384784035657
820.529611689243
823.126183012015
831.354269020531
845.877597643063
867.310036888091
892.957154193196
914.632963412216
923.633864440968
912.151734202051
884.766686153874
855.103446661502
836.927724569995
836.924248201258
848.425537948165
863.284434360532
874.053860303655
878.513546652921
876.806701565749
869.105085669973
856.806663095490
843.341163030380
832.329371475207
826.380332197098
823.803370617013
821.765798279720
817.796640204770
813.205081374248
811.551450882333
816.284929389184
826.557183561148
836.540552704481
840.130161080742
833.786816822337
821.991922378382
810.789876232333
805.471684925408
806.495738337462
812.412079127336
821.770002534012
833.182345341860
845.313397189282
856.828878364225
866.376450682120
872.558715384635
873.971361619161
869.488318539232
861.204150775908
853.284668860783
849.910900422978
853.313835576999
862.112244186533
874.533304082601
888.568057423171
900.190339084968
904.351246689786
896.004202848890
873.868589532924
846.019291473953
821.959310580043
809.568075240460
807.465435092578
810.993572506872
815.707443553163
820.030004552131
824.415652303654
829.343533348921
834.091475370197
836.011809272110
832.283587065868
821.389384372923
807.153828495326
794.769830105112
788.912888322416
790.663870731065
799.578091198696
815.031042872313
833.781590460695
850.569754987688
860.091666940156
860.069470733553
855.739785754701
853.485839677694
858.318487603807
863.146626496466
854.580649413263
819.586887337524
761.368892197785
704.396488047961
672.771425888493
667.431485654412
673.276779844108
678.875203088673
691.578051125598
724.259378864481
783.151279630780
852.252155030567
910.914042669072
938.691943791033
928.313969213023
893.520384671115
849.930185906904
811.205579560154
781.466154819250
761.926949409755
752.981407989916
750.475587674961
748.689802153083
742.796805119104
732.820720489117
720.423729337404
707.361479955357
695.740768773960
687.742124815701
684.452782270171
684.888015492475
687.837680478524
692.212414135115
697.039114587578
701.557085520341
706.997514392754
715.700890934124
729.286090698540
744.766422266348
757.372029579676
763.163997555645
764.073009429149
764.547460091385
768.773180593025
778.607393635836
794.725337274838
817.701340216346
846.329233982301
877.787116461008
909.194498670909
937.699707053869
960.613384253736
975.302958063048
979.135916346844
970.758780128383
954.407945493756
935.846477988174
920.810591761536
912.428671830200
909.078976738374
908.635499649572
909.069834517284
909.613252241049
910.373338761362
911.475429244881
912.892904630128
913.977314149361
913.921165000089
911.932131162625
908.080074450460
903.744451602012
900.414297999395
899.455445119542
901.129798208037
905.117180984294
911.091536260315
917.860445374096
921.654660294851
918.228024051566
903.533774958714
879.319650031376
853.891208995837
835.904763622416
831.576392451803
839.953517345309
858.773866230821
885.674822535267
916.969448353187
948.034959185351
974.228869016767
991.155970905214
996.873459309655
990.840878515431
972.534248470378
942.367559352003
906.899178938910
875.160754919396
856.040927128485
852.317719526592
858.660555635403
869.179429805882
878.736135032120
886.119249444436
891.395201208208
894.633494910743
896.043765223851
896.051078549585
895.098827723577
893.757571023910
893.678107154750
897.056378770711
906.089391462771
921.290334503655
938.713372370449
953.682948116023
961.553154113529
959.993515574677
950.610556428160
935.393692913175
916.365499503288
896.070469934603
877.468476389489
863.529491344095
856.261241931333
855.032540905996
858.763840797313
866.229663289313
874.612525255019
880.115355361380
878.933482383626
869.586692630655
856.313833597002
844.217534131275
837.906852739631
838.295276106622
844.621042311245
856.064470427405
869.780392473433
880.234840708217
881.708234843541
870.005773383271
850.029589158205
830.041279242725
817.959605128771
815.913106120169
821.256228330183
831.202287385127
843.123890731140
854.694183145021
863.619637847157
867.860319974501
867.244201496638
862.433998468777
854.113362357779
843.759107959579
833.960859910472
827.391401244933
826.026258571882
829.511413505425
837.006919258230
847.485977357046
857.996899993185
864.454278829591
862.783747738812
852.203268781091
838.430896489950
827.946499789344
825.946555633982
831.365268868484
841.229681735137
852.564338193361
862.355979678664
867.558044539928
865.123779609565
853.928515081424
838.803275015231
825.729141828050
819.939445228079
820.969142217942
825.730265173080
831.172607000634
835.581564780964
838.665232752631
840.200795745621
839.935785882416
837.533484917501
832.642312756982
825.146195445733
816.724977465561
809.885632499185
807.079924790558
809.701412297209
818.234648025481
833.118684672999
852.712703560697
871.252924655816
882.489994597693
880.950186761722
868.931108893260
853.209882920355
840.566502404971
834.696615664270
834.503804783299
838.478103899844
845.012932672183
852.088933374615
857.576532055144
859.414536847825
856.842169599480
850.263629567230
840.126809676655
827.641563736353
815.848865919769
808.059131287459
806.917313533388
811.903817074730
821.559367157636
834.333680284977
847.505827612094
857.541480295569
860.899997774245
856.325600645535
847.731220797664
839.740269945388
836.333094046169
837.300557450155
840.755540555955
844.852029599813
848.968528679847
853.814875953099
860.167874964666
867.986085995432
874.219492033109
875.126770308577
867.204714950716
851.575183678483
833.556280731832
818.602944177384
810.326931904147
808.762362503060
813.532598292460
823.435790665000
833.928954853934
839.623626283603
835.601733084252
823.021177497918
807.269113711450
793.728714077575
785.019848211487
780.544122895149
779.505587805698
780.068056190974
778.740193560139
771.898296273906
758.245289493790
741.297647301039
725.155752670448
713.001311953025
706.491548770312
706.996985501719
712.345857649548
716.678319798126
714.490204164964
707.658513642315
703.488478683072
708.280164032006
720.051671541494
733.138652229792
743.073516584479
752.719563255529
767.679099384782
792.319540270582
821.060276493864
843.534489055031
849.542771281069
837.826037772635
819.515040563509
806.642424970351
806.772378232223
815.802883585847
827.751830322808
837.145080136345
841.965928864749
841.638335875172
835.630019581102
824.450226506770
809.737017549797
793.185999226835
776.591388820805
761.924967601385
751.167817504438
745.316145839736
743.523402555649
744.737459693720
747.620872282046
750.335308955501
751.003692704721
748.824167448453
744.905637361671
740.549707364334
736.787207781475
734.208111235399
733.369862501754
735.177632540945
741.011262486815
752.239004888799
768.372318181500
786.463903684778
803.401329500306
817.018243612690
827.312358012403
834.582628899634
839.230467595809
842.304996478205
845.107726216346
848.895157612188
853.658801400982
857.991663310321
860.414383097645
859.753922828705
855.991294038672
849.379234796530
840.232570004402
829.678325676551
819.413938385088
811.141264850913
806.235002856470
805.620681991343
810.187967738779
819.139393721473
827.242677124420
828.545554916116
818.434852132354
801.249507628020
784.998879997314
777.017699543791
777.691446164367
783.364426036255
790.502499947662
798.602407592937
809.756642639804
826.105953648166
846.395568760874
863.218737283813
868.519977266134
856.051138934011
832.695913382333
811.136636518001
803.473180891148
812.047064598080
831.334773334780
855.592107497462
879.968427319146
901.735077889893
918.471527041831
927.825429121138
929.167648337333
923.682989840031
912.642606487525
897.528451517822
881.200772104788
867.073667044496
858.499336198970
856.283286750174
857.874556057779
860.492945252843
861.608817033968
859.849828283530
854.177536538543
843.702964800866
830.263507644426
818.078337660163
811.416089078469
812.198858824950
818.385557658879
827.552998389781
837.177931988669
844.325617221252
845.955550057331
839.362174670770
826.603611259667
813.282159348346
804.953070789922
801.541786539842
795.343249847793
778.164499412142
748.605564026057
718.517293671882
700.986098869197
699.091648432557
703.701413599839
705.463112368659
702.734453787535
699.758701327281
700.583884272225
706.758328627162
718.725884809428
736.889178899890
761.468996615687
792.629373894229
830.055526971951
868.734907939514
900.991231465099
919.117914678985
918.664767571156
906.750593604877
893.062217639990
887.003061579607
890.996357315394
900.218450297558
909.508920224047
914.137781328021
912.150393913686
902.693269758329
884.937650942492
860.065089376158
832.854705265063
808.459021041646
790.325909635001
775.899036106964
761.300800981218
743.784938325057
725.165383100153
708.402901912902
695.629823725481
686.875585639082
681.803060956285
678.765311663725
674.502425999886
666.197100871074
656.085459364060
649.152190140628
648.288891042086
650.624251186163
652.476328178864
653.442282014635
656.201502116096
663.436587356200
677.194932800155
699.305855025480
729.249625907284
759.756468517986
782.351532210056
791.494672174663
794.079448667280
800.291730013127
818.991003319575
848.140967854581
880.358779349890
908.229953522912
926.732974331883
937.017548363527
941.214750100147
941.448002010446
939.509245922508
936.739040982917
934.445595039921
933.863032880397
935.296812797134
938.419587583115
942.891842114256
948.210244591532
952.905837738067
955.157065288298
953.141966285767
945.718627021149
934.030051722762
919.698608243067
904.343710079149
889.479693060787
876.489792514413
866.749004837899
861.621272079957
862.419132196776
870.440192692616
886.838280602739
908.187372504855
925.637956561981
930.026501099786
913.611739282476
882.148477324835
848.844324360289
826.772226384863
820.272606916826
822.073092991606
824.099287717283
820.955055888114
815.328365759476
811.426451213080
812.571377438901
816.493502926048
818.745828687735
815.163264674957
806.285544172945
796.497888586639
790.256871288176
790.489676182578
798.181887089538
814.189100074999
837.741114260932
864.063046539577
887.774397310428
903.708690011112
910.134906925388
908.091150650687
898.694333823440
883.797397676072
868.302480250056
857.901220303852
857.964495528441
868.275502192455
883.873557617961
899.647396433422
910.971394770384
915.397569924246
911.088060302593
896.271181696686
872.683406819174
847.249307702047
827.311697448452
818.303423657999
818.866916082436
826.136212727386
837.088566902227
847.209314933676
851.158090340203
843.672819954792
824.736667713460
802.476259135019
785.707031844296
779.609626160586
780.807747177504
784.694728969911
787.822001670982
790.816342470377
795.200500686004
801.792039812371
807.077764556701
805.901477195950
793.754924069871
774.271204319650
756.621175367880
749.394256338637
752.259642445537
758.657467417842
762.305231173695
763.122955755503
765.881521971215
775.207002033789
789.885222210540
803.108125996876
807.900944903937
802.358278067333
793.512463766994
789.302247161610
794.820970965811
807.373624148529
822.944647217773
837.797702917565
850.098979844804
858.808186935173
862.898642275811
861.832318336934
855.744413751040
844.819206783213
829.854787940708
814.115568969464
801.485322464100
795.393602519382
795.910955822685
801.601609926711
810.945449392935
821.165182500328
828.460921171775
829.027828090725
821.773277044222
810.728013655793
800.491611670607
794.446242162956
791.858377907324
791.125617089146
791.133888978165
793.476650200811
800.680403939722
814.720865889402
831.325643767074
842.268254650130
839.352224185615
821.245327051821
798.086924248580
781.093010567766
777.081018272896
782.272725453273
791.326676542270
800.153305791968
809.554866220531
821.528296135324
837.627257333620
854.898668244334
867.761990213759
870.627613628093
861.857217634957
848.152270817181
837.272394663248
835.605563235957
841.503111797922
850.398347950737
857.768186859181
860.463570510667
856.883149017691
845.508611209496
826.443995183742
805.087835923490
787.916952183514
780.099337747498
780.150946326857
784.479613514635
789.877607565600
796.196586365660
804.746998194623
816.719175281257
830.810079452129
843.462098446095
851.039941355640
851.904972819250
849.749299326890
849.145090569435
854.254532439534
865.519679153127
881.400825371396
900.338437350603
920.140862235965
936.981887364530
946.774606772037
945.510641960820
933.149417425385
915.407078653214
898.451688895405
887.521867424841
880.445932429503
871.506651175162
855.049918578193
830.658317410332
806.101675486907
789.852068547383
786.716014732052
792.438813909208
801.390076339265
809.549632258851
820.233545379862
838.846043083910
870.251775606502
909.474322162587
942.943283465108
956.799388344829
939.374492982146
899.373835549843
856.571712885574
830.578147945219
829.019997428346
843.153414123430
863.055661256062
879.908590920702
890.470070068000
893.253434249279
886.839949338929
873.134304878927
858.819460531278
850.948704180358
854.776319840716
867.396279792204
883.589950286175
898.171381892085
907.344040360260
909.184511356558
901.901670263358
884.498802985152
862.047530773440
842.418426320741
833.299263615601
836.463268610073
846.893483564663
859.198989576426
868.857476733885
874.710129384269
876.412150098254
873.673407122800
867.413226002581
859.734387069581
852.788955135523
848.453385183653
847.772865376149
851.636486267766
860.582695225870
871.250248351788
877.843337749118
874.543195460412
859.768602708558
842.093367587965
831.580901694776
835.696403254034
845.493399582660
845.635414811182
821.539157992148
776.236811647704
730.354523724488
704.003693218448
700.296638001364
710.267490259510
724.951510134082
737.446793323860
741.838223719965
733.733369082622
719.541389251184
710.358135416461
714.642220812389
729.241588664519
747.832630941653
764.790739239515
777.483421894622
784.078551094335
783.261833806209
777.093770958637
768.986994848568
762.119588662301
757.734661646785
756.134576743928
757.584480827411
762.076449502167
769.460395442212
779.462777508792
790.329339981150
799.321356992817
803.752523016968
803.054146690810
799.099384254173
793.896252468677
789.390662070340
787.412542226621
789.778243960244
797.342066500380
808.159751788133
819.780991052557
829.971034332820
837.988847549640
843.725875897058
847.051044264652
847.049006579081
841.878772523505
829.648128178468
810.553055073660
790.799883031350
777.669727288007
776.056665002267
781.312856264919
786.406539692853
785.571493706078
780.944147850790
777.705573639616
780.324225906548
786.849790057816
791.957694952681
790.678884032560
784.481162101303
780.153041766790
784.467225648942
798.984380839798
819.303265820418
840.696929045861
859.541190396266
875.552679220891
889.078258664368
900.486089895068
910.603516037150
920.700641858722
932.065584724040
945.757593133890
960.996942410289
976.118202833131
989.450266661374
999.281007498467
1003.60235633930
1000.27637184817
987.164557158140
963.172884804554
933.419219932400
905.308750655832
886.199319261134
879.704118257652
883.196483388052
893.458630313004
907.224567621638
920.760405287701
930.069195878968
931.151062455903
921.701004418028
906.330968431950
891.417192192857
883.195026192853
883.758995983829
890.490617671702
900.515481431811
911.087908585828
920.296229698014
926.561125596665
928.305447408654
924.844095585974
917.935171516772
909.751304786181
902.441705379414
897.627972611316
896.410156608596
899.866100245233
908.718298152399
921.781581913604
937.233364559421
953.250410201422
967.707833941235
977.572459150103
979.640842157908
970.723069646808
950.451344904930
924.731790321013
900.315939731103
883.542115382614
875.233554650651
872.285522176928
871.511291797220
870.885765028469
871.430437900926
874.660209516780
881.841129658422
890.997002673161
897.881050092026
898.199869891866
889.592974423463
876.511195084607
864.904927271695
860.472778224548
865.061255532852
877.507638388557
896.569220573900
920.525119474490
945.792254109484
968.334289020021
984.115165544433
989.884881767199
984.900282337813
968.916859246851
941.721465908791
906.108401105060
870.331102103017
843.220038018051
831.792169108115
833.514767567414
842.722935391422
853.876474453575
864.137218566412
873.258172234339
881.096688964678
887.204640959414
889.880137775361
887.099682662941
876.966176502779
861.101732514825
845.025566255142
834.456643924197
833.111200866188
839.090521291284
849.519255342815
861.595495002126
873.254745730856
882.858275763300
888.772247152778
889.256756471652
882.303355230270
865.861738112218
838.617048414526
806.378491527526
778.954189645993
765.510597596052
766.089420323234
774.248792581279
783.662744421383
793.474273936818
808.093145258097
832.118575060048
865.603192944604
898.738985911321
920.426575396249
920.145801360872
899.743880676146
872.927205891568
853.876515684546
852.079790990031
862.923158931460
879.154767403921
893.698543874056
902.694773835818
905.098564203783
899.960046210896
887.127819816004
870.128533787061
853.547197821504
841.764559029572
835.600512087831
832.851335461635
831.227852714948
829.912932187260
831.059737656336
837.178774848330
849.660799727147
863.512117969484
871.479668723717
866.489919679887
848.505708688231
826.604569668687
810.462364454898
806.226829836794
811.037491545830
820.616858707080
831.227014490277
842.387989089897
854.836486691816
869.267184793766
884.774839526665
898.440193242198
907.215670737079
908.585942018244
904.243015975729
897.877340596692
893.182937828349
892.130521580730
892.887435988149
893.112784064738
890.588470247698
884.710645345232
876.013003352321
865.054635078774
852.951435903417
842.188815365974
835.458954976446
835.092134208631
840.955579628804
851.890264691710
866.701477517539
882.805381283286
895.732231444593
900.877711989574
894.622451840302
881.082166524170
868.026180429455
863.168845682733
869.429802730859
882.180612595894
896.129756342718
906.335873871426
911.119053913559
910.573820602016
904.813105006006
894.666428868477
883.048503704302
873.251222921643
868.336763050270
868.240267488970
870.639087331101
873.161433067691
874.008190057109
872.927649013065
869.926875051535
865.045467738927
858.712213525447
851.612298182122
844.438436591398
838.175613374367
834.341321015339
834.509601050989
839.759621533538
848.760560515235
859.449048016032
869.761737120879
877.640300756683
881.031778738017
877.883473287736
867.364393101041
854.089889876923
844.192433550863
843.451957196922
852.239136918814
866.691345319581
882.833043160989
896.933103087929
906.061733364382
907.453116839140
898.491793136017
880.970824597888
861.694929996094
847.740100060355
844.135812651653
849.024000017282
859.099193601244
871.063180344850
881.725230819235
887.976807743799
886.711701284907
876.601598102031
862.361490994366
849.989238290301
845.004485832613
847.337913512891
853.300241837402
859.144475542166
861.591988684217
858.316769791154
847.108502441622
826.573527662218
800.399453602985
774.225043212102
753.062595366375
736.929563047094
723.466500087018
710.827831293275
700.111627153879
693.434336221136
692.300083699062
696.466733995832
705.399532146272
719.753049106142
742.166139640393
775.433207100034
817.994665076929
859.614652798575
889.029028924867
896.006895176291
882.453116883190
858.161520032664
833.003925618938
812.615048090276
795.508791850018
779.521731322623
763.941053457766
751.537276449022
745.584223614563
747.217867609680
752.663524582998
757.464880487682
759.064908187037
759.624711080635
762.023720842823
767.472165520736
772.443197799067
772.575400708324
765.365369614590
755.203352216474
748.077974815293
748.185996146174
753.217668636373
759.386875257906
763.709543929124
766.461956197320
768.748736900933
771.354375815814
773.428252841436
773.599072116881
770.681640820863
764.760394188717
756.449344243673
746.554630772675
737.258064116512
731.346008120666
730.913321848025
734.100040281836
737.647564077220
739.075376547230
739.732900894116
742.143598491544
747.805145228506
753.621850362507
755.213209809996
749.402226331721
738.740085299957
727.480252209304
719.088740110758
714.160075306856
712.638531305249
715.533853324611
726.368237991925
749.009324873037
784.146468357902
825.529476807047
865.992251366538
898.832849701820
922.137170726734
936.813894586409
943.808116189915
944.285618410550
940.521751813934
935.139819353783
930.757108336840
928.661334053526
927.159766392671
924.154223583428
917.618238556044
907.083457240474
893.590530331342
878.241998419502
862.226618994432
847.078691128501
834.419068116067
825.661750174418
819.886599971119
814.700412388305
807.734720457877
798.184877281229
787.121060027226
775.720508898378
764.907645765636
755.193664847642
747.050897811424
740.904064265575
737.100542238864
735.984860074115
738.097621976180
744.253977919387
755.251048818001
770.075370762371
785.162298714170
796.762836332148
803.026126832993
806.467020146373
810.211877898862
816.826399367035
826.248627634510
837.647468213822
850.208432809523
863.392620493304
876.887220504451
890.386101902060
903.016954745332
911.742537643009
913.008232663525
903.367503871169
884.087728241748
862.873821001350
847.894032947347
845.083790674391
851.170265836501
860.507193162231
867.638640180756
870.888656476969
872.056305327779
873.069797075363
874.833082478412
874.617828752081
868.890903869092
854.468831906017
833.746137028893
813.595499205866
800.924479398629
798.273140155989
801.988114681477
807.947253451509
813.083714685842
817.136993304418
820.307914554042
822.500520485292
821.777362546209
815.495683354138
801.342933873860
781.750701034740
762.694134774304
749.903814732592
743.891080568171
740.997792770820
737.735289427646
734.479654773399
734.384153891650
740.194861109384
749.544845126789
756.917979223661
757.230943990230
751.275682988182
743.785825857934
739.208088708753
738.066588242658
738.472726040513
738.840962951221
740.734007701597
747.426268582878
761.520258793475
779.162156314824
792.968380198817
795.923530329083
788.628509896894
778.470946496048
772.876069677326
773.274483642660
774.204392151657
769.897368041167
758.345057221843
743.010003995677
727.779836128359
716.331616633425
712.083788611321
718.134915761209
732.404396789879
748.475630230439
759.999124094524
764.319944153454
762.027189511739
753.922483782233
743.003710424850
734.381550764867
732.850032566832
736.786867617540
739.418852356080
734.429592535173
723.543109850970
714.211899556637
713.147896511509
720.185217529485
731.870188579832
745.177318920402
759.990773119941
777.355335444036
797.913446818213
818.252795412414
832.626871540946
835.364582443663
825.791169986939
810.351209356025
796.025968206490
787.289599288592
782.571300584237
779.407617743519
776.152965211769
773.943937497790
774.508186846219
778.896896562056
785.070028406490
790.105066158980
791.468337516796
789.568609289251
786.160601862813
782.942588422352
780.837832664453
780.250943484925
781.594684061994
785.635592793378
793.466930183644
806.152455006082
822.086553639432
835.428943371602
839.963473780819
831.813572042422
817.494403436398
806.405331667360
806.905917461573
818.127888578438
834.375650529815
849.938190565774
860.394765725167
863.160531239011
855.790841577044
837.483139723073
815.176380736295
798.088752975789
794.271854132578
802.020620488400
814.770903500512
826.042708997977
832.426304748171
833.770189700344
830.082535380936
822.376937073518
814.227146646695
809.608446611763
811.132436714795
814.370738582655
812.629814890808
799.982427038388
779.133488012497
758.222983387625
744.842821801958
739.189609487646
736.670341592256
732.924339007122
726.588976927828
717.969659493169
707.512455368115
696.424711428117
686.204916792028
677.893093704636
671.191265656250
665.780343209347
668.403600332594
694.174652579815
757.407837669767
850.702534709302
948.566858540971
1024.95667170773
1054.26213313471
1031.39094770933
980.220571662008
926.816514941856
895.079643248157
887.320632063780
893.449322478564
903.229951457700
909.204683188406
912.160171193786
914.405471615384
918.192226545398
923.945341502424
929.927691639111
934.277081771591
935.346077929046
933.739557217645
931.407331003689
930.317231743512
931.420109962653
931.271590093020
925.240187577798
908.748282042189
880.978088959407
847.264570943786
813.511764302070
784.879824679490
763.984592095766
752.898273248676
751.635406547168
752.905360816435
747.797446536847
731.476444629222
713.286430437407
705.616423901206
714.961956334559
735.499955120894
759.871911419457
782.703061965962
803.000342632414
820.356756538807
834.509258074407
845.934186797695
855.344616942108
863.465841142439
871.332437372359
880.306363632239
891.765312101900
906.524980162155
922.417697349974
936.289644919667
944.988305975798
946.642930732994
942.882466000910
935.927673465240
927.980687479536
920.537793014653
914.188793615646
909.463950210342
906.938178192971
907.550515852436
912.417570749760
922.656202840085
937.320366609423
949.028728327389
949.148610562225
929.195624723852
889.822073124243
845.981503211608
813.872787579227
804.616323590103
812.762773907521
829.488967182293
846.632651031643
862.164313580111
877.380945482478
893.606947866138
910.325733048388
922.524092686695
924.515125128783
910.946406482184
884.573951227029
856.499962194175
838.202514158995
837.165306846766
850.007266883107
871.517475556108
896.477447191648
919.557860769079
935.345279490527
938.424171306947
925.261284035534
904.001985869710
887.264452861623
887.554311592418
909.059241576756
942.450897008127
977.162244891307
1002.71379520199
1013.91642392011
1013.80287640794
1006.11570992305
994.585572682057
982.250082710197
971.084851518933
962.975545278468
959.669564889576
959.659030223340
958.138457521358
950.155632793080
931.346683155950
903.188168974006
870.498849865364
838.119531557306
809.734592087775
787.164740760278
772.050411991913
764.146728692178
759.232303550862
752.590662349753
741.353863399904
726.744563678015
710.537687985771
694.737735131396
681.700110306569
673.548846850084
668.884681436318
663.779036668986
655.639112885332
647.922410462878
645.665962821492
651.221432548956
663.356094550785
681.183645835467
709.583676179374
756.669586661934
829.639090178428
920.503493363872
1009.07765628307
1074.83203327031
1097.29444557585
1068.98018020964
1011.79765368212
951.697707196920
913.920882034184
905.976591038960
916.832113206161
934.582124811978
948.182235829411
954.696402225894
955.639394981189
952.571850815984
947.023873198333
940.369144627717
933.931391785557
929.033322364183
926.782323168698
927.803423136124
932.656081964471
941.785888292962
952.282721582584
957.411955577339
950.230830779461
924.713198911043
885.221966297702
842.698219696235
808.027157467375
785.617129744314
771.312727482486
760.408267634324
750.378854048451
742.043647169633
736.466500070323
733.055059675564
728.975399836123
721.399734454712
711.645926165302
705.377000589204
707.983786248491
719.204169615490
735.079925348200
751.992047530408
770.466024653172
793.464853719065
823.840229542243
860.590012296805
898.508184419100
932.176037449207
956.665022447699
972.025766386590
981.209875468880
987.205061350058
992.659265080061
997.267236266309
999.204869090828
996.635556568880
988.084958352600
975.034081769203
960.405699671461
947.132310333255
938.146412028460
936.380503030954
944.767081614615
